---
version:
  config: 1471869683
  puppet: 4.6.0
resources:
  changed: 2
  corrective_change: 0
  failed: 0
  failed_to_restart: 0
  out_of_sync: 2
  restarted: 0
  scheduled: 0
  skipped: 0
  total: 9
time:
  config_retrieval: 0.161649515
  file: 0.40458357699999997
  filebucket: 0.000266165
  schedule: 0.000943085
  total: 0.567442342
  last_run: 1471869684
changes:
  total: 2
events:
  failure: 0
  success: 2
  total: 2
